1099090921
1909022912
0919909020
9029190910
2990102001
1221202910
2292222110
0992911299
0112020290
0292292012
1290199010
2999191992
0219101121
2112219221
2220209099
1921912010
1010900292
0911012291
1912200990
1190110092
2199202101
1202121191
1299100910
0109921202
2191222201
2212101009
9220190101
0090010212
9190202101
2122119901
0209910011
9292112110
1099120919
1909222122
2919921129
2901011022
2119922912
9022090200
2122921909
0101192021
0911910919
2911190122
1291099191
9220910212
2920012199
9002902112
1112910299
2099910090
1110121211
2000299919
0202291002
1001092019
0019210022
0912210021
2029111012
1929110901
1010902119
1221090229
2022191291
1112291922
2012910929
9921090991
1121021229
2220012999
0991020909
9121009902
0900991002
0910922990
1199992120
9109210902
1900991290
0002190109
2110029229
1109210021
2110212929
9929211099
0011211922
1190122912
9212929219
0202909122
0201020921
9192012019
1091029900
0901209012
9029002210
9219021219
9209221220
2220099922
1129991011
1909029010
0999009029
0991100902
1220020290
9190192990
2120099092
2012921291
9922022219
1229090292
2909111990
9191101020
1221029909
0911192201
0112212900
2019200990
1122909229
0129129202
1022292122
0121199192
2119021292
1200020022
2211299920
0120029001
9012990101
1929102910
0220001921
1001102122
2222921210
1022911011
2092102191
0129020920
1100090999
1992209209
1229220211
9991209111
2292112012
0910029999
1122101112
9121102122
1921011902
9192291100
1229990021
2009122099
2129021911
0211199101
2120901021
9902029200
1091021129
1291090000
0920122002
2921909121
9210092221
9902220121
1901222012
9191001010
0912100101
9229920119
1292900029
9902091992
0299091291
1009911129
0001299101
2111120910
9901001010
9992121221
0921199902
0091199990
1009000201
9012199000
1911200199
2120009212
9101091091
9102290091
9002992929
0110990201
9911929001
2122102219
2092092011
1910299021
1009990999
0100219101
1200991919
1109201220
0090909009
2020921910
1199129011
0222922110
9112101011
2999191222
0110209921
2100900192
0992929192
9119222210
0901912021
9112291291
9912101112
1299209299
9222002990
1221909000
1022220290
9029929222
0099020029
0929091102
9210102100
0921199921
1019029992
9909911229
0020290209
2102099929
9202101129
0009291920
1990201110
9992120929
2019091190
2929100102
2911191909
1299022211
9129219202
2101221291
9291229019
1290011911
2299020991
9212219012
2212000020
2202912202
9922220199
9009901191
2199019209
0210012912
9102211910
0021222109
1190099091
9200212119
0211222200
1192919011
1009190900
1011102000
2122000012
1210022291
9020090929
1199109920
9929919229
2009002902
9120110111
0912929111
9219019919
9011999001
0021191099
0221009929
9211112010
1901299101
9229199221
9129921991
0200101100
9910212092
2192112220
9209202990
1001021290
0190002922
2191199211
9212902220
0211011210
0129002201
9021112912
9019029091
0191991122
2011111120
9001901901
1902211909
2129291112
0100291910
9211111102
9102111902
9109212211
2110292119
2291290122
1010021901
1002909292
0901929019
1102011211
9129210121
2009921020
0992002119
9222299011
2092200009
2191290101
9091902199
1020110101
2920090912
1021192229
9219102212
2221911202
2012209990
1111911001
9292902900
9922009912
9099902011
2011200212
2020222110
9100020111
9211212901
2002102022
0019909029
1022110111
2912910220
9199912990
2229290919
1299199129
2010992929
0990199122
1002090222
1120021211
1902220010
1292199120
2202110192
9099111022
9111102999
9909199919
1020292110
2110022209
9011191101
1220201290
0092221012
1211921991
0109210129
9012922212
9211212001
9119291291
0012911121
0021009909
9901922909
2021992202
0222111001
1190200901
1022001099
2291199291
2991100900
1211090101
2222922120
0102920092
9211229210
2029209911
0200992122
0902091011
0220219091
1102110221
9202010011
2199092020
0112111029
9099229921
1900219000
0202011019
2100992212
0990912919
2292999090
2110011119
0109299192
1902219022
9091901021
2202210229
2222001112
2191110919
1190902011
9192010290
2209099119
9199191022
1900120221
0909920221
9919000219
0910912912
1019921211
9292121212
9991109202
0919121111
9211012199
1099999199
0910912900
2902929001
9212210029
0991910991
0001100020
1102290002
9199922992
9200292090
9192112909
2900912200
2129009219
9220092202
0212911912
2990291192
9110009020
0112911991
9991192109
0099012122
0999029211
9910110909
1012922990
1221201990
2209220012
9029910102
9009929911
9019200200
2119992299
1901200199
2191200092
0111200201
9122229109
0900992109
2099222909
2990009992
9190202121
0001202190
1120212010
0001109002
9221111911
2109211022
9212129000
9292021929
0001022922
0292299101
0219010212
9292099299
0120091011
0212910220
2919991019
1919912119
0111199922
2112229020
2021292292
0222111900
0901110090
0192191090
2112201199
9091291010
9290090919
0090129209
2211099292
2201221202
2090022902
1119009092
1210121121
9922929110
2991120229
1900020102
1909199912
0022002221
1119912190
0020910999
9129922002
1909220021
9021119029
2012021201
1999022220
2109122110
1209190221
9211212022
9202222900
9121221202
0099909299
1000090900
0229092002
1020022111
0212912022
1099102012
9121000212
9001920222
2002020092
0100001091
0121210991
2112009291
1011229922
1211009011
9291092292
1911910909
1109911210
9229202200
0011119900
9912129901
1191000009
1022129290
2129221219
1922111190
0002092211
0129000192
0922001910
9122019211
2020209919
9929192112
9029220901
1919909221
2221922109
9211210001
9191102211
9902290021
9299119011
0200290220
2929122019
9910092190
0910090100
9921290091
2191092292
0021292000
0029292112
2191292920
9112901920
0200290201
2092922992
9002021000
2920199001
0912002212
0291192029
