999099
999299
900999
999999
999999
990990
992299
992292
999999
992292
999992
992999
999999
992299
999999
999299
992999
999099
992299
999299
992299
999999
990099
999999
999299
992299
292999
999299
999999
999299
999999
992299
992999
992999
999092
999299
999999
990999
999999
992299
992999
999999
992299
999999
990999
990299
992299
999999
990099
999299
992299
992299
990999
990090
992999
990999
999999
999999
922299
999999
999992
999999
992299
990999
992299
999999
999999
992999
992292
992999
999999
990099
999999
999999
999099
999999
992229
990099
999999
999999
990999
992299
992299
929299
999999
999999
999999
999999
992999
999929
992299
999999
999999
992299
992999
999999
992299
929999
999999
999999
999999
992292
992292
999999
992299
999999
999292
999999
999299
292999
992299
999299
999999
990999
999099
999999
999999
999299
999992
999999
999999
992999
999999
999999
292299
992299
992299
999299
999999
990999
292299
992299
992999
990999
990099
992299
922299
990092
999299
999999
999099
999999
999999
999999
992999
992999
999099
999999
999999
999999
999999
999999
999999
999999
999999
099099
992299
999999
992999
292999
999299
999999
999999
999999
999999
999999
990999
990099
999999
992299
999999
992299
999999
999999
992929
999999
992299
992299
992999
999299
992999
999099
999999
999299
992999
992299
990999
999999
990999
992999
992999
990999
992299
999999
992299
992992
999999
922299
999299
999299
992099
292999
999999
292299
992299
990299
999999
999999
999299
992299
290299
992299
992999
999999
292299
292999
992999
992299
992299
999999
999999
992999
992299
999299
999999
992999
999999
999299
999999
292292
999999
992999
299999
992299
999999
992999
999999
999999
992299
999999
999299
999299
999292
999299
999299
999099
999999
992299
999999
999299
992292
992299
999999
999999
999999
992999
292299
999099
999999
999999
992999
999299
992999
999999
992299
990999
999299
999999
992999
992999
299999
992299
992999
999292
999299
999999
999099
992299
992999
922999
999999
999999
999999
992999
999999
299299
992992
992999
999999
999099
999999
999999
992299
992999
992999
992999
999999
999299
999992
999999
992299
999999
999999
992999
992299
990099
999999
999999
990299
992999
992299
992999
992999
999999
999999
992299
999999
992999
999999
999290
299299
992999
992229
999999
992299
999999
999999
992299
992999
999099
929992
992999
999999
999999
999999
992299
992299
999992
992999
999999
999099
999999
999999
999299
929299
999099
999999
992229
999999
992999
999999
999999
992299
992999
999999
992999
992999
992999
992299
999299
992999
999999
920099
999992
992999
999292
999992
999999
999299
999099
990099
999299
292229
922999
929990
992999
292299
992292
992299
999999
999999
999290
999999
990299
992229
992999
990999
999299
990099
999999
992299
999999
992999
999999
990009
992099
990999
999999
990999
992292
999999
999999
992999
999999
999999
999999
992999
992999
999229
992099
992999
992299
992299
999299
992999
992999
990999
990999
992992
999999
999099
992099
990992
990999
999999
990002
992299
299999
992299
992999
999999
990299
999999
992299
999999
999999
999999
999999
999299
922299
999299
992999
999299
999299
999999
999999
999999
999299
992999
999999
999299
999299
999999
992999
999099
992299
999009
999099
999299
999999
999299
999999
999999
999999
299999
990999
999999
992999
999999
990099
999999
992999
992099
992292
992999
999999
992999
999299
992999
999999
999999
992299
992299
992299
992299
999999
999999
992999
992299
992299
999299
999299
999999
999299
990999
999299
992099
999099
999999
990999
999999
999999
999999
990299
992299
992999
999299
999999
999099
992999
990999
999999
292092
999999
999999
999299
999299
990999
990999
999299
992999
992299
999999
992999
992299
992999
992999
999992
922999
992999
992999
992299
990990
999999
999299
999999
999999
990999
999999
999999
992992
999999
999999
990992
999299
999299
992992
990099
999999
992299
999299
992299
992999
990999
990099
999999
999299
992292
999999
992299
992999
990999
999999
290299
999990
992999
999999
999999
992999
992999
999999
999299
999999
992999
999299
999299
999299
992999
992099
999299
992999
992999
992990
990999
992999
992999
990099
992999
992999
999999
099999
992299
999299
999999
992999
920099
999999
992999
990999
992299
992999
990299
999299
992299
992299
992299
992999
092290
992292
992299
992299
999999
992299
992299
292299
999999
999999
992999
999999
999999
992999
992099
999299
999999
999999
992299
992299
922999
992999
999299
999999
992999
992999
992299
992292
992999
999999
990999
992299
990999
929299
999999
999999
099299
999990
999999
929992
992929
992999
999299
999299
999999
999299
990009
999099
999099
999999
999999
999099
990099
990099
992992
999999
999299
992299
992992
992299
992299
999299
292292
992299
999992
992999
990999
999299
992999
292299
999299
999299
990099
992099
999999
290999
999999
999999
999999
990999
992999
992999
999999
992999
099099
999999
992099
999999
999999
999999
999999
999999
992999
999999
990099
999999
990999
999999
999299
999992
999992
992999
990009
992299
992299
999999
999999
990099
999999
920099
990999
992999
999999
992992
992999
999099
990099
990099
999999
999299
090099
999999
999099
090999
992099
999299
999999
999992
992292
990099
999999
992299
990999
992999
999999
990099
922099
992092
299299
999999
999999
992999
999299
999299
999999
992999
999999
992999
090999
992299
999999
992999
999999
999999
929299
909999
999929
990099
999999
092999
992999
999099
990099
292299
992999
999999
992299
999999
999999
999999
999999
992999
999999
999299
999299
999999
999992
992299
990999
999999
992299
999090
992999
999999
999999
992299
999299
992299
990299
992299
992999
929999
999299
992999
999999
929299
999992
999999
299999
999999
990999
990999
999999
990999
999999
992992
992922
992299
999999
992299
992099
999299
999909
999299
990999
990099
992299
992999
999999
999999
999999
990999
992999
992299
999299
992999
992299
990099
999290
990999
999999
999999
992299
992299
999999
999999
992299
999999
999999
990999
992999
999299
999999
999299
999999
999999
990099
990999
999999
999999
992999
992299
999999
999299
992299
999299
990299
990999
922299
922999
990999
992999
992992
990992
990999
999299
999999
990999
999029
999099
992299
999999
990999
999299
920990
999999
992299
999999
992999
992299
999999
992999
992092
999999
999299
999999
992229
999999
099999
990999
999999
999299
922299
222999
299299
299299
992999
992299
999299
992299
990999
999099
990999
990999
999999
999099
999299
992999
999999
990999
999999
999299
992999
999999
990999
999929
992299
999299
999999
999999
999999
999999
999999
992999
992999
992999
992999
999999
992999
992999
992299
299999
992099
999229
992999
992099
299099
990999
992299
999999
992299
999999
992999
990999
992299
900999
999999
990099
992299
999999
990999
992299
990999
992999
990999
999999
999999
992999
990990
990999
990099
999999
999299
029299
990999
990999
999299
992299
999999
992999
992999
992299
992299
992299
999999
992292
999999
999999
999999
999999
999999
992299
999999
999299
999999
990999
999999
999299
992299
992292
922299
999099
999999
